ClientList-('127.0.0.1', 8000)-127.0.0.1:2000 
ClientList-('127.0.0.1', 8001)-127.0.0.1:2000 
Sleep of 19.75750422937101 By:Peer-2001 Time:0.32962040503819784
Sleep of 1.943516037407514 By:Peer-2001 Time:0.36221760511398315
Broadcasted mined block (['0e2d', '3fb5', 1607424230], 0, 1) By:Peer-2001 Time:0.3623158613840739
Sleep of 90.74604778282556 By:Peer-2001 Time:1.8762219866116843
Sleep of 70.16104988666615 By:Peer-2001 Time:3.0477554281552632
Sleep of 264.864018402856 By:Peer-2001 Time:7.470994548002879
Sleep of 3.9534325645012602 By:Peer-2001 Time:7.540427382787069
Broadcasted mined block (['8ea3', '7ab9', 1607424658], 0, 1) By:Peer-2001 Time:7.540558063983918
Sleep of 26.743672269887995 By:Peer-2001 Time:7.98675430615743
Sleep of 45.7022176170715 By:Peer-2001 Time:8.752722195784251
Sleep of 119.98538850404762 By:Peer-2001 Time:10.758554077148437
blockchain stats
0 1
1 5
2 4
3 4
4 5
5 3
6 3
7 1
8 1
9 1
10 1
11 1
12 1
13 1
14 1
15 1
16 2
17 2
18 2
19 5
20 3
21 4
22 2
23 2
24 1
25 1
26 1
27 1
28 1
29 1
30 1
31 1
32 1
33 1
34 1
35 1
36 2
37 5
38 4
39 3
40 1
41 1
42 1
43 1
44 1
45 1
46 1
47 1
48 1
49 3
50 2
51 2
52 2
53 1
54 1
55 1
56 1
57 1
58 1
59 1
60 1
61 1
62 1
63 1
64 1
65 1
66 1
67 1
68 1
69 1
70 1
71 1
72 1
73 1
74 2
75 3
76 3
77 1
78 1
79 2
80 1
81 1
82 1
83 1
84 1
Nodes in db:138,longest chain:85,my nodes:0,hashingPower:3.35,adv-nodes:84
